frequency (Hz)	impedance (Ω)	phase / rad (rad)	phase / deg (°)	impedance' (Ω)	impedance'' (Ω)	time (s)	significance	Voltage (V)	Current (A)
100000	0.0109018	0.311438	17.8441	0.0103773	0.0033406	0	0.949	-1.15653	0.981921
79616	0.0085919	0.386214	22.1284	0.00795903	0.00323643	2.6905	0.857	-1.15942	0.981921
63388	0.00697025	0.422598	24.2131	0.00635705	0.00285872	4.579	0.85	-1.15938	0.981921
50467	0.00583588	0.414993	23.7773	0.00534053	0.00235293	6.5155	0.846	-1.15933	0.981921
40180	0.00507102	0.387301	22.1907	0.00469542	0.00191528	8.371	0.866	-1.15934	0.981921
31990	0.00454595	0.333967	19.1349	0.00429478	0.00149013	10.2585	0.903	-1.15932	0.981921
25469	0.00421792	0.26844	15.3805	0.00406686	0.00111871	12.133	0.935	-1.15931	0.981921
20277	0.0040024	0.206327	11.8217	0.00391751	0.000819955	13.991	0.958	-1.15931	0.981921
16144	0.00393203	0.13577	7.77902	0.00389585	0.000532212	15.879	0.97	-1.15933	0.981921
12853	0.00386678	0.0676207	3.87438	0.00385794	0.000261275	17.7535	0.977	-1.15927	0.981921
10233	0.00388699	0.0230126	1.31852	0.00388596	8.94417e-05	19.611	0.984	-1.159	0.981921
8147.4	0.00390447	-0.0258075	-1.47866	0.00390317	-0.000100753	21.4985	0.987	-1.1593	0.981921
6486.7	0.00396501	-0.0659959	-3.78129	0.00395638	-0.000261484	23.372	0.991	-1.15927	0.981921
5164.5	0.00406157	-0.0984711	-5.64198	0.0040419	-0.000399301	25.228	0.993	-1.15927	0.981921
4111.8	0.00417738	-0.126441	-7.24454	0.00414403	-0.000526787	27.1145	0.994	-1.15929	0.981921
3273.6	0.00429766	-0.150195	-8.60555	0.00424928	-0.000643064	28.9865	0.994	-1.15929	0.981921
2606.3	0.00440522	-0.173308	-9.9298	0.00433922	-0.000759641	30.8415	0.996	-1.1593	0.981921
2075.1	0.00457402	-0.19508	-11.1773	0.00448726	-0.000886651	32.726	0.996	-1.15925	0.981921
1652.1	0.00469945	-0.212728	-12.1884	0.00459352	-0.000992184	34.597	0.994	-1.15924	0.981921
1315.3	0.00489635	-0.230469	-13.2049	0.00476689	-0.00111849	36.451	0.995	-1.15925	0.981921
1047.2	0.00505982	-0.242466	-13.8923	0.00491182	-0.00121485	38.3345	0.997	-1.15922	0.981921
833.76	0.00521648	-0.258517	-14.8119	0.00504314	-0.00133358	40.2045	0.997	-1.15924	0.981921
663.81	0.00535608	-0.268667	-15.3935	0.00516393	-0.00142175	42.0575	0.998	-1.15924	0.981921
528.5	0.00561975	-0.293942	-16.8417	0.00537871	-0.0016282	43.939	0.997	-1.15925	0.981921
420.77	0.00596625	-0.328165	-18.8025	0.00564787	-0.00192296	45.808	0.996	-1.1592	0.981921
335	0.00615513	-0.342067	-19.599	0.00579852	-0.00206464	47.662	0.997	-1.15925	0.981921
266.72	0.00650758	-0.370259	-21.2143	0.00606659	-0.00235481	49.545	0.998	-1.15919	0.981921
212.35	0.00689418	-0.392922	-22.5128	0.0063688	-0.00263971	51.413	0.994	-1.15926	0.981921
169.07	0.00740198	-0.416955	-23.8898	0.00676783	-0.00299764	53.2625	0.998	-1.15925	0.981921
134.6	0.00794797	-0.428022	-24.5239	0.00723097	-0.00329898	55.1405	0.998	-1.15926	0.981921
107.17	0.00858652	-0.436733	-25.023	0.00778058	-0.00363194	57.057	0.997	-1.15884	0.981921
85.322	0.0093069	-0.437033	-25.0401	0.00843216	-0.00393917	59.021	0.999	-1.15919	0.981921
67.93	0.0100702	-0.429684	-24.6191	0.00915481	-0.00419509	61.0415	0.998	-1.15814	0.981921
53.91	0.0107937	-0.412226	-23.6188	0.00988953	-0.0043245	63.138	0.999	-1.15845	0.981921
42.416	0.0115696	-0.391001	-22.4027	0.0106964	-0.00440932	65.3195	0.998	-1.15855	0.981921
33.064	0.0123216	-0.365541	-20.9439	0.0115075	-0.00440441	67.593	0.998	-1.15918	0.981921
25.518	0.0130673	-0.339481	-19.4508	0.0123215	-0.00435137	70.0115	0.998	-1.15862	0.981921
19.484	0.0137525	-0.313593	-17.9675	0.0130818	-0.00424233	72.613	0.997	-1.1593	0.981921
14.705	0.0144148	-0.294286	-16.8613	0.0137951	-0.0041811	75.4375	0.997	-1.1603	0.981921
10.96	0.0150098	-0.282583	-16.1908	0.0144145	-0.0041853	78.593	0.996	-1.15985	0.981921
8.0607	0.015602	-0.281005	-16.1004	0.01499	-0.00432677	82.162	0.995	-1.15788	0.981921
5.8439	0.016422	-0.290541	-16.6468	0.0157337	-0.00470442	86.2725	0.995	-1.15486	0.981921
4.1726	0.0176316	-0.303914	-17.413	0.0168236	-0.00527638	91.102	0.994	-1.15335	0.981921
2.9318	0.0192295	-0.312859	-17.9255	0.018296	-0.00591846	96.934	0.993	-1.15147	0.981921
2.0259	0.0211218	-0.298096	-17.0797	0.0201902	-0.00620348	104.117	0.991	-1.15264	0.981921
1.3761	0.023049	-0.258039	-14.7845	0.0222859	-0.00588174	115.3	0.991	-1.16119	0.981921
0.91901	0.0247011	-0.206759	-11.8464	0.024175	-0.00507087	129.048	0.989	-1.16092	0.981921
0.60383	0.0258823	-0.154257	-8.83828	0.025575	-0.00397671	145.901	0.987	-1.16058	0.981921
0.39094	0.0266234	-0.109361	-6.26594	0.0264644	-0.00290577	168.259	0.986	-1.16261	0.981921
0.25002	0.0270187	-0.0829086	-4.75031	0.0269259	-0.00223751	197.432	0.982	-1.1616	0.981921
0.15849	0.027298	-0.0492137	-2.81974	0.0272649	-0.00134289	237.92	0.984	-1.16071	0.981921
0.1	0.0273879	-0.0330181	-1.8918	0.027373	-0.000904132	291.848	0.984	-1.16319	0.981921
